[gd_scene load_steps=5 format=3 uid="uid://qhdx7tj4vrx3"]

[ext_resource type="Script" path="res://Scenes/Board/board.gd" id="1_0pltx"]
[ext_resource type="Script" path="res://addons/card_3d/scripts/card_3d.gd" id="1_nkn14"]
[ext_resource type="PackedScene" uid="uid://dsiw56em2dllf" path="res://Scenes/Board/deck_zone.tscn" id="3_dg6fy"]
[ext_resource type="PackedScene" uid="uid://b8o6mrdhvviht" path="res://Scenes/Board/card_3d.tscn" id="3_gkkcb"]

[node name="Board" type="Node3D"]
script = ExtResource("1_0pltx")

[node name="Player1" type="Node3D" parent="."]
transform = Transform3D(0.999903, 0, -0.0139622, 0, 1, 0, 0.0139622, 0, 0.999903, 0, 7.74075, 13.1189)

[node name="HandZone" type="Node3D" parent="Player1"]
script = ExtResource("1_nkn14")

[node name="DeckZone" type="Node3D" parent="Player1"]
script = ExtResource("1_nkn14")

[node name="TrashZone" type="Node3D" parent="Player1"]
script = ExtResource("1_nkn14")

[node name="CharacterZone" type="Node3D" parent="Player1"]
script = ExtResource("1_nkn14")

[node name="LifeZone" type="Node3D" parent="Player1"]
script = ExtResource("1_nkn14")

[node name="LeaderZone" type="Node3D" parent="Player1"]
script = ExtResource("1_nkn14")

[node name="DonDeckZone" type="Node3D" parent="Player1"]
script = ExtResource("1_nkn14")

[node name="DonZone" type="Node3D" parent="Player1"]
script = ExtResource("1_nkn14")

[node name="Player2" type="Node3D" parent="."]
transform = Transform3D(0.0100354, 0, -0.99995, 0, 1, 0, 0.99995, 0, 0.0100354, 4.53511, 0, -1.90402)

[node name="HandZone" type="Node3D" parent="Player2"]
script = ExtResource("1_nkn14")

[node name="DeckZone" type="Node3D" parent="Player2"]
script = ExtResource("1_nkn14")

[node name="TrashZone" type="Node3D" parent="Player2"]
script = ExtResource("1_nkn14")

[node name="CharacterZone" type="Node3D" parent="Player2"]
script = ExtResource("1_nkn14")

[node name="LifeZone" type="Node3D" parent="Player2"]
script = ExtResource("1_nkn14")

[node name="LeaderZone" type="Node3D" parent="Player2"]
script = ExtResource("1_nkn14")

[node name="DonDeckZone" type="Node3D" parent="Player2"]
script = ExtResource("1_nkn14")

[node name="DonZone" type="Node3D" parent="Player2"]
script = ExtResource("1_nkn14")

[node name="DeckZone2" parent="Player2" instance=ExtResource("3_dg6fy")]
transform = Transform3D(1, 0, 0, 0, 1, 0, 0, 0, 1, -5.31077, 2.18901, 9.0824)

[node name="Center" type="Node3D" parent="."]

[node name="Card3D" parent="." instance=ExtResource("3_gkkcb")]
transform = Transform3D(0.217248, -0.0490908, 0.974881, -0.0468183, -0.998109, -0.0398272, 0.974993, -0.0369899, -0.219136, -6.80534, 0.446786, -0.726685)

[node name="Card3D2" parent="." instance=ExtResource("3_gkkcb")]
transform = Transform3D(0.113255, 0, -0.993566, 0.0712278, -0.997427, 0.00811915, -0.99101, -0.071689, -0.112964, 3.8618, 0.693135, -1.17443)

[node name="Card3D3" parent="." instance=ExtResource("3_gkkcb")]
transform = Transform3D(-0.178815, 0.00227049, 0.98388, -0.124054, -0.992069, -0.0202568, 0.97603, -0.125676, 0.177679, -7.61836, 0.752384, 4.84004)

[node name="CSGBox3D" type="CSGBox3D" parent="."]
transform = Transform3D(1, 0, 0, 0, 1, 0, 0, 0, 1, 0.317388, -1.27055, -0.194206)
size = Vector3(20, 1, 20)
