[gd_scene load_steps=3 format=3 uid="uid://qhdx7tj4vrx3"]

[ext_resource type="Script" path="res://Scenes/Board/board.gd" id="1_0pltx"]
[ext_resource type="PackedScene" uid="uid://b8o6mrdhvviht" path="res://Scenes/Board/card_3d.tscn" id="3_gkkcb"]

[node name="Board" type="Node3D"]
script = ExtResource("1_0pltx")

[node name="Card3D" parent="." instance=ExtResource("3_gkkcb")]
transform = Transform3D(-0.0636187, 0.0494345, -0.996749, 0.00477328, 0.998776, 0.0492303, 0.997963, -0.00162581, -0.0637773, 10.0979, 0.446786, -0.726685)

[node name="Card3D2" parent="." instance=ExtResource("3_gkkcb")]
transform = Transform3D(0.113255, 9.28926e-10, -0.993566, -0.0441876, 0.99901, -0.00503687, 0.992583, 0.0444738, 0.113143, 10.5577, 1.22616, 2.84842)

[node name="Card3D3" parent="." instance=ExtResource("3_gkkcb")]
transform = Transform3D(0.143011, 0.0239688, 0.989431, 0.0947328, 0.994785, -0.0377909, -0.985177, 0.0991355, 0.139994, -7.61836, 0.752384, 4.84004)

[node name="CSGBox3D" type="CSGBox3D" parent="."]
transform = Transform3D(1, 0, 0, 0, 1, 0, 0, 0, 1, 0.317388, -1.27055, -0.194206)
size = Vector3(20, 1, 20)

[node name="Player1View" type="Camera3D" parent="."]
transform = Transform3D(0.00134081, -0.316907, 0.948456, 0.000448003, 0.948456, 0.316907, -0.999999, 2.91038e-11, 0.00141367, 14.7556, 4.1036, 0.436367)

[node name="Player2View" type="Camera3D" parent="."]
transform = Transform3D(0.00203239, 0.430021, -0.902817, 0.000202067, 0.902818, 0.430022, 0.999998, -0.0010564, 0.00174799, -15.7771, 3.93988, -1.13349)
